1.4761422872543335
1.4840444326400757
1.4936130046844482
1.498441219329834
1.502953290939331
1.5050885677337646
1.5066478252410889
1.5083025693893433
1.5147846937179565
1.5242234468460083
1.5370506048202515
1.5451459884643555
1.5524989366531372
1.556252360343933
1.5580430030822754
1.5573052167892456
1.5575777292251587
1.559948205947876
1.5667228698730469
1.572311282157898
1.5795773267745972
1.5809406042099
1.5759035348892212
1.5684869289398193
1.558136224746704
1.5515556335449219
1.5415184497833252
1.5357080698013306
1.5271892547607422
1.5226773023605347
1.513074278831482
1.504746913909912
1.4965459108352661
1.4951250553131104
1.500211238861084
1.508629322052002
1.5248944759368896
1.535265326499939
1.5450153350830078
1.550243616104126
1.5578927993774414
1.5635393857955933
1.5722628831863403
1.5761321783065796
1.5769305229187012
1.5705395936965942
1.5554991960525513
1.543047308921814
1.5235861539840698
1.5102972984313965
1.4911572933197021
1.4781864881515503
1.4598032236099243
1.4468393325805664
1.4268959760665894
1.4119282960891724
1.382456660270691
1.3580634593963623
1.3179081678390503
1.2929199934005737
1.2620452642440796
1.2478053569793701
1.2344270944595337
1.2277663946151733
1.2212921380996704
1.218123197555542
1.2123963832855225
1.20724356174469
1.196651577949524
1.1896651983261108
1.182649850845337
1.1820040941238403
1.1872376203536987
1.1934006214141846
1.2022054195404053
1.2062209844589233
1.203112006187439
1.1963908672332764
1.180702567100525
1.1693007946014404
1.154683232307434
1.1446937322616577
1.128415822982788
1.1141175031661987
1.0889527797698975
1.0715489387512207
1.0466190576553345
1.0308042764663696
1.0073068141937256
0.9899451732635498
0.9629682898521423
0.9447364807128906
0.9164536595344543
0.8963401317596436
0.8652395606040955
0.842939019203186
0.8073592782020569
0.7844471335411072
0.7555399537086487
0.7399681806564331
0.7227835655212402
0.7143181562423706
0.7021968364715576
0.6943790912628174
0.6863152980804443
0.6834015250205994
0.6828752160072327
0.6858840584754944
0.6934636831283569
0.6980289220809937
0.7049003839492798
0.7096589207649231
0.7195369601249695
0.7253518104553223
0.7325201034545898
0.7364769577980042
0.7428504228591919
0.7479121685028076
0.7574966549873352
0.7634302377700806
0.7704309821128845
0.7743032574653625
0.7781532406806946
0.7811587452888489
0.7863250970840454
0.789862871170044
0.7922711372375488
0.7903264760971069
0.7861120104789734
0.7842721939086914
0.7879806160926819
0.7936250567436218
0.8085665702819824
0.8233989477157593
0.8499623537063599
0.8663405776023865
0.8847325444221497
0.8915218114852905
0.8919708728790283
0.8894182443618774
0.8879281282424927
0.8900260925292969
0.8946378231048584
0.8974639177322388
0.8938077688217163
0.8856943845748901
0.8670366406440735
0.851982057094574
0.8286155462265015
0.8126164078712463
0.7901952862739563
0.777087926864624
0.7551490068435669
0.7377928495407104
0.7078127264976501
0.688121497631073
0.66351318359375
0.6523563861846924
0.6441618800163269
0.6431359052658081
0.6449936628341675
0.6462475061416626
0.6478627920150757
0.6480253338813782
0.6536955237388611
0.6618791818618774
0.680104672908783
0.6958860158920288
0.7194236516952515
0.7347278594970703
0.7539117336273193
0.7650660276412964
0.7772929072380066
0.7794744968414307
0.7766556143760681
0.7699719667434692
0.7508979439735413
0.7358075976371765
0.7109895348548889
0.6949530839920044
0.6714764833450317
0.6562588214874268
0.6307271122932434
0.6096223592758179
0.5752647519111633
0.5519746541976929
0.522273600101471
0.5064142346382141
0.48731064796447754
0.47778594493865967
0.4667071998119354
0.4614909291267395
0.4570471942424774
0.45624154806137085
0.4590204954147339
0.4626137912273407
0.4690939784049988
0.4731754958629608
0.4780614376068115
0.48140645027160645
0.4885801076889038
0.4960062503814697
0.5167811512947083
0.5384572744369507
0.5817583203315735
0.6164007782936096
0.6731842756271362
0.7141522169113159
0.7859479188919067
0.842042863368988
0.9357647895812988
1.0080115795135498
1.1262950897216797
1.213793396949768
1.359807014465332
1.4670445919036865
1.6453315019607544
1.7759796380996704
1.9927221536636353
2.1518757343292236
2.411146640777588
2.6021876335144043
2.9131357669830322
3.1407434940338135
3.5154802799224854
3.7865140438079834
4.234326362609863
4.558869361877441
5.091990947723389
5.479770183563232
6.114178657531738
6.575837135314941
7.330844402313232
7.881698131561279
8.782868385314941
9.44050121307373
10.514779090881348
11.299088478088379
12.576979637145996
13.511362075805664
15.03803825378418
16.143203735351562
17.954326629638672
19.28185272216797
21.472078323364258
23.055089950561523
25.653047561645508
27.634403228759766
31.026155471801758
33.57701110839844
37.91548538208008
41.04449462890625
46.1937255859375
49.57710647583008
54.214656829833984
57.10283660888672
60.60717010498047
62.32383728027344
64.30841827392578
65.48921203613281
67.26042175292969
68.40154266357422
69.81090545654297
70.54045867919922
71.3410873413086
71.7182846069336
72.04302978515625
72.18846893310547
72.26871490478516
72.17904663085938
71.78203582763672
71.35865020751953
70.50318145751953
69.80935668945312
68.60942840576172
67.70706939697266
66.2287368774414
65.17156982421875
63.49393844604492
62.29969024658203
60.37795639038086
58.988128662109375
56.7236442565918
55.064571380615234
54.18544387817383
54.889671325683594
54.064998626708984
54.219661712646484
54.023136138916016
54.12712860107422
54.115055084228516
54.184173583984375
54.246578216552734
54.28072738647461
54.2887077331543
54.2798957824707
54.262847900390625
54.25790786743164
54.26576232910156
54.27728271484375
54.28828811645508
54.28716278076172
54.27392578125
54.26154708862305
54.251590728759766
54.254737854003906
54.26959991455078
54.28205871582031
54.29250717163086
54.292293548583984
54.282135009765625
54.27230453491211
54.262489318847656
54.26150894165039
54.2672004699707
54.272735595703125
54.279964447021484
54.280242919921875
54.277442932128906
54.273902893066406
54.2700309753418
54.268760681152344
54.26960372924805
54.2698974609375
54.27169418334961
54.27252197265625
54.27505874633789
54.275726318359375
54.2744140625
54.272438049316406
54.2692756652832
54.26753234863281
54.26710510253906
54.267940521240234
54.26985168457031
54.270790100097656
54.270721435546875
54.27008056640625
54.26786422729492
54.26608657836914
54.26491928100586
54.26535415649414
54.26666259765625
54.26785659790039
54.269676208496094
54.2692985534668
54.26818084716797
54.266883850097656
54.26465606689453
54.2637825012207
54.264095306396484
54.264102935791016
54.26539993286133
54.26621627807617
54.26741409301758
54.26691818237305
54.26632308959961
54.26570510864258
54.26545715332031
54.265159606933594
54.26506423950195
54.265445709228516
54.26677322387695
54.26797866821289
54.267356872558594
54.267005920410156
54.266536712646484
54.26658248901367
54.26612091064453
54.265724182128906
54.264949798583984
54.26460647583008
54.2647590637207
54.26499938964844
54.26491165161133
54.26443099975586
54.263431549072266
54.262699127197266
54.262935638427734
54.263221740722656
54.26236343383789
54.26215362548828
54.26176452636719
54.2619743347168
54.26179885864258
54.26167678833008
54.261844635009766
54.26199722290039
54.261260986328125
54.26153564453125
54.26081848144531
54.2601203918457
54.25998306274414
54.259765625
54.258487701416016
54.25809860229492
54.25717544555664
54.25566101074219
54.2559814453125
54.256534576416016
54.25667190551758
54.256282806396484
54.2557487487793
54.25584411621094
54.25640869140625
54.256874084472656
54.25642776489258
54.25608444213867
54.25516128540039
54.25456237792969
54.25477981567383
54.25523376464844
54.255577087402344
54.25575637817383
54.25497055053711
54.254638671875
54.25371170043945
54.253631591796875
54.25345993041992
54.2536506652832
54.253597259521484
54.253997802734375
54.25417709350586
54.25471496582031
54.25543212890625
54.25526809692383
54.254669189453125
54.25411605834961
54.25426483154297
54.25459671020508
54.2545051574707
54.254493713378906
54.254634857177734
54.255374908447266
54.255367279052734
54.25495529174805
54.25389862060547
54.25333023071289
54.25339126586914
54.25337219238281
54.2522087097168
54.25185775756836
54.25157165527344
54.25151824951172
54.24341583251953
54.266448974609375
54.27537536621094
54.277523040771484
54.273277282714844
54.224491119384766
54.31376647949219
54.51763916015625
54.53596496582031
54.352901458740234
54.10172653198242
53.90825271606445
53.50373077392578
53.12575149536133
52.383705139160156
51.75619888305664
50.54377365112305
49.566680908203125
47.8721809387207
46.663818359375
44.807613372802734
43.58198165893555
41.843650817871094
40.766380310058594
39.31358337402344
38.40859603881836
36.966346740722656
35.86338424682617
33.8824348449707
32.36922836303711
29.821125030517578
27.95661735534668
25.129636764526367
23.31075096130371
20.779577255249023
19.24823570251465
17.234113693237305
16.125703811645508
14.770881652832031
13.967397689819336
12.729608535766602
11.819573402404785
10.357848167419434
9.35941219329834
8.008045196533203
7.259361743927002
6.489995002746582
6.060697555541992
5.427656650543213
4.917449951171875
4.023899078369141
3.231412887573242
1.9851679801940918
1.203933596611023
0.08430563658475876
-0.5753047466278076
-1.425938606262207
-1.899367332458496
-2.509674072265625
-2.8739705085754395
-3.3093581199645996
-3.4955904483795166
-3.616683006286621
-3.6096208095550537
-3.498436689376831
-3.3623504638671875
-3.1264166831970215
-2.9806337356567383
-2.7504520416259766
-2.57901930809021
-2.319427251815796
-2.1386845111846924
-1.8843022584915161
-1.7356234788894653
-1.5092387199401855
-1.3348588943481445
-1.0762346982955933
-0.9448456764221191
-0.7984877228736877
-0.7026291489601135
-0.5746222138404846
-0.5232066512107849
-0.47882622480392456
-0.48447778820991516
-0.5694758296012878
-0.6621630191802979
-0.8038198947906494
-0.8751215934753418
-0.920880138874054
-0.9074652194976807
-0.8700554966926575
-0.8531463742256165
-0.8532738089561462
-0.8751140236854553
-0.9343401789665222
-0.9744638204574585
-1.008671522140503
-1.0200380086898804
-1.0399607419967651
-1.0540478229522705
-1.035744547843933
-0.9909985065460205
-0.904938817024231
-0.8465255498886108
-0.7472748160362244
-0.6950623989105225
-0.6807740330696106
-0.7188026905059814
-0.8160845041275024
-0.8797918558120728
-0.9441814422607422
-0.9715482592582703
-1.0366566181182861
-1.0990008115768433
-1.231960415840149
-1.3381470441818237
-1.4921103715896606
-1.565805196762085
-1.675626277923584
-1.7655280828475952
-1.8985331058502197
-1.9747698307037354
-2.063993215560913
-2.097432851791382
-2.1147241592407227
-2.1018550395965576
-2.0393383502960205
-2.010580539703369
-1.9719842672348022
-1.9335577487945557
-1.8820858001708984
-1.8487187623977661
-1.7943099737167358
-1.760804295539856
-1.6613739728927612
-1.5485587120056152
-1.3359454870224
-1.1843798160552979
-0.9871903657913208
-0.8991659283638
-0.8126795887947083
-0.7586110234260559
-0.6710382103919983
-0.6035072207450867
-0.4828038215637207
-0.39797887206077576
-0.27047160267829895
-0.20065326988697052
-0.11182934045791626
-0.08922703564167023
-0.09644147753715515
-0.1173347607254982
-0.17076271772384644
-0.21960841119289398
-0.28984740376472473
-0.32685455679893494
-0.36170580983161926
-0.37378305196762085
-0.38029465079307556
-0.37482312321662903
-0.3710598349571228
-0.38030561804771423
-0.42012909054756165
-0.4606139659881592
-0.5125607848167419
-0.5304791331291199
-0.4931890070438385
-0.4426591098308563
-0.37528738379478455
-0.32329368591308594
-0.2312776893377304
-0.17309050261974335
-0.06464652717113495
0.004907316528260708
0.05583714693784714
0.07061202824115753
0.10245774686336517
0.13034386932849884
0.16738957166671753
0.19137722253799438
0.2204962819814682
0.2290334701538086
0.2374516725540161
0.2493828535079956
0.276531845331192
0.29836106300354004
0.3310839533805847
0.3518059253692627
0.40337032079696655
0.44118717312812805
0.4919443726539612
0.5200766921043396
0.5601707100868225
0.5719538927078247
0.6195449829101562
0.6088123321533203
0.6102263927459717
0.6019487380981445
0.5781417489051819
0.562682032585144
0.5589887499809265
0.5528224110603333
0.545289158821106
0.5335349440574646
0.5147286057472229
0.5108629465103149
0.5054877400398254
0.5071146488189697
0.5140329003334045
0.5205850601196289
0.5383902192115784
0.5579303503036499
0.5939037799835205
0.60688316822052
0.6295666098594666
0.6482749581336975
0.6739072799682617
0.6753522157669067
0.6709979176521301
0.6733473539352417
0.6837303638458252
0.6905511021614075
0.6994128227233887
0.7001331448554993
0.6989937424659729
0.6853949427604675
0.6555055379867554
0.6420804858207703
0.6271709203720093
0.6148380637168884
0.5948403477668762
0.5834511518478394
0.5657624006271362
0.5557295083999634
0.5459541082382202
0.5410696864128113
0.5559704899787903
0.5742074847221375
0.5971234440803528
0.6075167059898376
0.6218410730361938
0.6325108408927917
0.6569603085517883
0.6725058555603027
0.6909164786338806
0.7012933492660522
0.7132447361946106
0.718814492225647
0.7294389009475708
0.7361838221549988
0.743114173412323
0.752802312374115
0.7679460048675537
0.7725421786308289
0.7726937532424927
0.7726729512214661
0.7622337341308594
0.7496455907821655
0.7263528108596802
0.7097206711769104
0.6881429553031921
0.6760919690132141
0.6452294588088989
0.6155073046684265
0.5682141780853271
0.5293248295783997
0.4787426292896271
0.45550867915153503
0.4159025251865387
0.38792654871940613
0.3580567240715027
0.3383590877056122
0.30967792868614197
0.2995646595954895
0.2906501591205597
0.28717344999313354
0.2752460837364197
0.26653411984443665
0.26042839884757996
0.25380945205688477
0.25187432765960693
0.2571411728858948
0.2729208171367645
0.28438517451286316
0.3018798828125
0.31304800510406494
0.33248990774154663
0.34110426902770996
0.34977662563323975
0.34806299209594727
0.33354711532592773
0.32454004883766174
0.3031231760978699
0.29137206077575684
0.2709302604198456
0.2587181627750397
0.23672081530094147
0.22145602107048035
0.19953694939613342
0.1844804883003235
0.16608259081840515
0.15567728877067566
0.14012759923934937
0.13025639951229095
0.1169847846031189
0.10917625576257706
0.10107527673244476
0.09742160141468048
0.09407287836074829
0.09195518493652344
0.08744626492261887
0.08274977654218674
0.07105351984500885
0.05871633067727089
0.037264980375766754
0.024280378594994545
0.013439998961985111
0.011413921602070332
0.010582927614450455
0.00874340534210205
0.0008891423349268734
-0.006473138462752104
-0.014097199775278568
-0.018469976261258125
-0.028420809656381607
-0.0335824191570282
-0.03563081473112106
-0.03399505093693733
-0.02541506290435791
-0.0216192826628685
-0.014474686235189438
-0.010419454425573349
-0.013963467441499233
-0.02207532525062561
-0.04573556035757065
-0.06762688606977463
-0.10523749142885208
-0.1319648027420044
-0.1662430316209793
-0.18764697015285492
-0.2192499339580536
-0.24009422957897186
-0.27444908022880554
-0.29855313897132874
-0.34180212020874023
-0.36957669258117676
-0.406328409910202
-0.42490115761756897
-0.4397875666618347
-0.4445771276950836
-0.44473135471343994
-0.4439278244972229
-0.4435955882072449
-0.442778080701828
-0.4429742991924286
-0.4395183026790619
-0.4314865171909332
-0.42372992634773254
-0.41224780678749084
-0.4061446189880371
-0.39763519167900085
-0.39173224568367004
-0.38308843970298767
-0.3770732879638672
-0.37303295731544495
-0.37302467226982117
-0.3773745000362396
-0.38027146458625793
-0.3836629092693329
-0.3844640851020813
-0.3822779357433319
-0.3819596469402313
-0.3874102532863617
-0.3936696946620941
-0.40278834104537964
-0.4090350866317749
-0.4166969954967499
-0.42066290974617004
-0.42230531573295593
-0.41959816217422485
-0.4125143587589264
-0.40684202313423157
-0.4009858965873718
-0.39931511878967285
-0.39993152022361755
-0.40189704298973083
-0.40355736017227173
-0.40494316816329956
-0.3992806673049927
-0.3888550400733948
-0.36028704047203064
-0.33085379004478455
-0.2614747881889343
-0.18973737955093384
-0.02216130867600441
0.14064815640449524
0.4217195212841034
0.6174306273460388
0.9265514016151428
1.139790654182434
1.4773739576339722
1.7161610126495361
2.0949108600616455
2.3650360107421875
2.795578718185425
3.102804183959961
3.5985376834869385
3.9529364109039307
4.528975486755371
4.942803859710693
5.6118083000183105
6.097504615783691
6.882822036743164
7.454935073852539
8.38493537902832
9.058694839477539
10.154036521911621
10.95055103302002
12.246878623962402
13.186141014099121
14.722221374511719
15.838094711303711
17.66351318359375
19.022981643676758
21.54274559020996
23.55575942993164
27.052865982055664
29.676843643188477
34.112308502197266
37.273555755615234
42.4413948059082
46.05226516723633
51.466793060302734
54.49181365966797
57.4080924987793
58.70196533203125
59.65037155151367
59.80775833129883
59.51632308959961
59.017822265625
57.87312698364258
56.86643600463867
55.13314437866211
54.257320404052734
54.89983367919922
54.685359954833984
54.90026092529297
54.978614807128906
55.08388900756836
55.159427642822266
55.244773864746094
55.26619338989258
55.25823211669922
55.23249816894531
55.19446563720703
55.17255401611328
55.15742874145508
55.158782958984375
55.16931915283203
55.17658996582031
55.18952178955078
55.1979866027832
55.20455551147461
55.203636169433594
55.19451141357422
55.18792724609375
55.18207931518555
55.18106460571289
55.18404769897461
55.1867561340332
55.19136047363281
55.19418716430664
55.19658279418945
55.194908142089844
55.190025329589844
55.188072204589844
55.18706130981445
55.188106536865234
55.19123458862305
55.19270324707031
55.195430755615234
55.196044921875
55.194644927978516
55.19258499145508
55.18972396850586
55.188316345214844
55.18667221069336
55.18803787231445
55.19154357910156
55.193336486816406
55.192928314208984
55.19178771972656
55.189842224121094
55.18925857543945
55.18798065185547
55.18733596801758
55.18801498413086
55.18818283081055
55.1885871887207
55.18785095214844
55.18659591674805
55.185489654541016
55.18439483642578
55.184303283691406
55.18503189086914
55.18475341796875
55.185333251953125
55.18528366088867
55.185123443603516
55.18456268310547
55.18195343017578
55.180397033691406
55.1804084777832
55.181297302246094
55.18212127685547
55.181365966796875
55.18059158325195
55.18089294433594
55.181827545166016
55.18156051635742
55.18202590942383
55.18258285522461
55.183780670166016
55.18397903442383
55.18373489379883
55.1834602355957
55.1827392578125
55.182594299316406
55.18209457397461
55.18172073364258
55.1802978515625
55.17933654785156
55.17887496948242
55.17916488647461
55.1791877746582
55.17937469482422
55.1791877746582
55.17916488647461
55.18062210083008
55.181339263916016
55.18134689331055
55.18110656738281
55.180824279785156
55.181400299072266
55.181427001953125
55.1800537109375
55.17987060546875
55.17934799194336
55.17859649658203
55.17891311645508
55.17827224731445
55.17767333984375
55.17661666870117
55.17646408081055
55.17692565917969
55.1772575378418
55.177978515625
