4.646862506866455
4.631707668304443
4.633416652679443
4.654672145843506
4.678628921508789
4.704386234283447
4.715245246887207
4.708052635192871
4.693292140960693
4.6679368019104
4.647502899169922
4.642811298370361
4.648831367492676
4.667240619659424
4.688921928405762
4.701316833496094
4.705498218536377
4.693130970001221
4.674447536468506
4.658571720123291
4.646167755126953
4.6527910232543945
4.6646342277526855
4.680652618408203
4.699368000030518
4.700535774230957
4.696522235870361
4.679922580718994
4.656453609466553
4.646329402923584
4.642666339874268
4.655737400054932
4.677087783813477
4.691981792449951
4.708104133605957
4.7046332359313965
4.69083309173584
4.6745219230651855
4.6513237953186035
4.6461405754089355
4.648340702056885
4.660400867462158
4.684645652770996
4.697341442108154
4.709807395935059
4.706001281738281
4.69028902053833
4.681845664978027
4.6749773025512695
4.676111221313477
4.680811405181885
4.6785054206848145
4.670017719268799
4.657931804656982
4.646946430206299
4.64742374420166
4.65857458114624
4.674257755279541
4.696690082550049
4.704930305480957
4.701756477355957
4.687625885009766
4.659804821014404
4.639809608459473
4.622340679168701
4.623544216156006
4.641284942626953
4.663666248321533
4.699432849884033
4.7158379554748535
4.722792625427246
4.7125139236450195
4.680926322937012
4.6571245193481445
4.625797271728516
4.616120338439941
4.620927810668945
4.635763645172119
4.66804313659668
4.689263820648193
4.71204137802124
4.715261459350586
4.6998419761657715
4.680772304534912
4.649926662445068
4.636101245880127
4.626929759979248
4.631928443908691
4.653322219848633
4.669220447540283
4.6880388259887695
4.695011615753174
4.691919326782227
4.682907581329346
4.664454936981201
4.653559684753418
4.647218227386475
4.650191307067871
4.6633806228637695
4.67370080947876
4.68471097946167
4.68781852722168
4.683651924133301
4.6743059158325195
4.669577598571777
4.659688472747803
4.67872428894043
4.673215389251709
4.680604457855225
4.6819915771484375
4.663641929626465
4.672238349914551
4.651418685913086
4.663923740386963
4.673610687255859
4.680083274841309
4.70343542098999
4.698563575744629
4.7008137702941895
4.69349479675293
4.671262741088867
4.668207168579102
4.654201984405518
4.653005123138428
4.665078639984131
4.66971492767334
4.684916973114014
4.692470550537109
4.690902233123779
4.692926406860352
4.678035259246826
4.676366806030273
4.670346736907959
4.666595458984375
4.680099010467529
4.679942607879639
4.686643600463867
4.6865925788879395
4.675498962402344
4.675314426422119
4.667400360107422
4.667450428009033
4.677983283996582
4.682679653167725
4.696225643157959
4.699974060058594
4.696435451507568
4.692105293273926
4.67171573638916
4.6600422859191895
4.651142120361328
4.650118827819824
4.6651740074157715
4.6730475425720215
4.713927745819092
4.738436222076416
4.752001762390137
4.7584075927734375
4.751919269561768
4.752135753631592
4.7356157302856445
4.727140426635742
4.732348918914795
4.730589389801025
4.761692523956299
4.772167205810547
4.789419651031494
4.794047832489014
4.772160053253174
4.761739730834961
4.731151580810547
4.72003173828125
4.71756649017334
4.7249836921691895
4.749721050262451
4.765802383422852
4.781528949737549
4.784820556640625
4.773356914520264
4.759438514709473
4.740751266479492
4.730180263519287
4.730295658111572
4.736720085144043
4.752053737640381
4.765030860900879
4.7706708908081055
4.771174907684326
4.758489608764648
4.748237133026123
4.73903751373291
4.734521389007568
4.743607521057129
4.7525715827941895
4.766952991485596
4.774407863616943
4.771027565002441
4.719395637512207
4.739600658416748
4.75653600692749
4.824520587921143
4.870755672454834
4.978859901428223
5.071563720703125
5.217669486999512
5.3446831703186035
5.543776035308838
5.707888603210449
5.964565277099609
6.1743316650390625
6.526277542114258
6.820258140563965
7.353339195251465
7.762338161468506
8.486673355102539
9.0250244140625
9.948707580566406
10.630544662475586
11.770895957946777
12.607516288757324
14.013355255126953
15.065004348754883
16.833566665649414
18.14140510559082
20.328474044799805
21.95796775817871
24.661455154418945
26.659931182861328
29.99523162841797
32.434326171875
36.480960845947266
39.38267517089844
44.448246002197266
47.313323974609375
51.89234924316406
54.867801666259766
56.68191909790039
58.407875061035156
60.055721282958984
61.08480453491211
61.9184455871582
63.138431549072266
63.832576751708984
64.49578857421875
65.34657287597656
65.30522918701172
65.45565032958984
65.13525390625
64.80315399169922
64.51033782958984
64.40596771240234
64.37078094482422
64.58998107910156
64.71150207519531
64.90635681152344
64.92040252685547
64.93861389160156
64.91626739501953
64.89900207519531
64.9012222290039
64.93392181396484
64.95635986328125
64.9817886352539
64.98439025878906
64.96047973632812
64.922607421875
64.87640380859375
64.85063171386719
64.8319320678711
64.82467651367188
64.82534790039062
64.82760620117188
64.83856201171875
64.85356140136719
64.88310241699219
64.9009017944336
64.91403198242188
64.9141845703125
64.91236877441406
64.91123962402344
64.91743469238281
64.92477416992188
64.93022155761719
64.94271850585938
64.95928955078125
64.97290802001953
64.98737335205078
64.99427795410156
65.0025634765625
65.00394439697266
65.01274871826172
65.0126953125
65.00891876220703
65.0047607421875
64.99600982666016
64.99683380126953
64.9931869506836
64.98471069335938
64.9761734008789
64.9620132446289
64.94962310791016
64.94097900390625
64.93560028076172
64.9366683959961
64.9405746459961
64.94308471679688
64.93992614746094
64.93274688720703
64.91728973388672
64.90643310546875
64.89302062988281
64.88348388671875
64.87462615966797
64.87117767333984
64.86433410644531
64.86488342285156
64.86453247070312
64.86729431152344
64.87211608886719
64.8763198852539
64.87300872802734
64.86771392822266
64.8502197265625
64.84398651123047
64.84002685546875
64.83354949951172
64.84854888916016
64.84636688232422
64.85506439208984
64.85456085205078
64.87803649902344
64.88520050048828
64.87867736816406
64.94647216796875
65.01929473876953
65.12023162841797
65.25350952148438
65.35507202148438
65.49150085449219
65.57171630859375
65.68326568603516
65.76536560058594
65.871826171875
65.92732238769531
65.95719909667969
65.94384765625
65.91366577148438
65.89838409423828
65.88050842285156
65.8766860961914
65.88063049316406
65.8852767944336
65.88782501220703
65.88812255859375
65.88015747070312
65.870849609375
65.86234283447266
65.86304473876953
65.86640930175781
65.86827087402344
65.8656005859375
65.8603286743164
65.85161590576172
65.84779357910156
65.84746551513672
65.84822082519531
65.84703063964844
65.84374237060547
65.8377914428711
65.83424377441406
65.8309326171875
65.82997131347656
65.82866668701172
65.82601928710938
65.82119750976562
65.81790924072266
65.81510162353516
65.81432342529297
65.813232421875
65.81136322021484
65.80789947509766
65.80545806884766
65.80127716064453
65.79931640625
65.7975082397461
65.79592895507812
65.79273223876953
65.79070281982422
65.78779602050781
65.7861557006836
65.78327941894531
65.7819595336914
65.77985382080078
65.77782440185547
65.77425384521484
65.7728500366211
65.7697525024414
65.76831817626953
65.76663208007812
65.76454162597656
65.76155090332031
65.76001739501953
65.75719451904297
65.75591278076172
65.7554702758789
65.75420379638672
65.75169372558594
65.74954223632812
65.74700164794922
65.74564361572266
65.74424743652344
65.74286651611328
65.74177551269531
65.74037170410156
65.73844146728516
65.73677062988281
65.73371887207031
65.73094940185547
65.7279052734375
65.7263412475586
65.72427368164062
65.72254180908203
65.72025299072266
65.71929931640625
65.7168960571289
65.71561431884766
65.71369934082031
65.71282958984375
65.71028137207031
65.70841217041016
65.70670318603516
65.7057113647461
65.70389556884766
65.70233917236328
65.69856262207031
65.69612884521484
65.69435119628906
65.69298553466797
65.6910629272461
65.68987274169922
65.68871307373047
65.68777465820312
65.68548583984375
65.68397521972656
65.68305206298828
65.68321990966797
65.6808090209961
65.67876434326172
65.67576599121094
65.6747055053711
65.6741943359375
65.67217254638672
65.66930389404297
65.66899108886719
65.6671142578125
65.66507720947266
65.66178894042969
65.65967559814453
65.65786743164062
65.65743255615234
65.65595245361328
65.65470886230469
65.65243530273438
65.65177154541016
65.65078735351562
65.6492691040039
65.64746856689453
65.6474609375
65.64370727539062
65.6408462524414
65.63880920410156
65.63799285888672
65.63671112060547
65.6356201171875
65.633544921875
65.6324462890625
65.6318588256836
65.6312484741211
65.62877655029297
65.6278076171875
65.62687683105469
65.62543487548828
65.62293243408203
65.62136840820312
65.61834716796875
65.6162338256836
65.61412811279297
65.61222076416016
65.61054229736328
65.60845947265625
65.60578155517578
65.60453033447266
65.603271484375
65.60253143310547
65.60033416748047
65.59927368164062
65.5975112915039
65.59622192382812
65.5954818725586
65.59452056884766
65.5925521850586
65.59200286865234
65.59114837646484
65.59050750732422
65.58936309814453
65.58890533447266
65.58716583251953
65.58657836914062
65.58487701416016
65.5849609375
65.58363342285156
65.58236694335938
65.58070373535156
65.58007049560547
65.57827758789062
65.57687377929688
65.5749282836914
65.5733642578125
65.57271575927734
65.57170104980469
65.5694808959961
65.56838989257812
65.5670394897461
65.56596374511719
65.56534576416016
65.56429290771484
65.56272888183594
65.56122589111328
65.55924987792969
65.55842590332031
65.556884765625
65.5550537109375
65.55438232421875
65.5537338256836
65.55236053466797
65.55118560791016
65.54907989501953
65.54784393310547
65.54605102539062
65.54505157470703
65.54376220703125
65.54241943359375
65.54059600830078
65.53948974609375
65.5376205444336
65.53709411621094
65.53618621826172
65.534912109375
65.5326156616211
65.5318832397461
65.53083038330078
65.52909088134766
65.5266342163086
65.52640533447266
65.52574920654297
65.5256118774414
65.52294158935547
65.52171325683594
65.52311706542969
65.523193359375
65.52067565917969
65.51885986328125
65.5162353515625
65.51577758789062
65.51679229736328
65.51618194580078
65.51348876953125
65.51274108886719
65.51296997070312
65.51332092285156
65.51219177246094
65.5111312866211
65.51039123535156
65.5096435546875
65.5086669921875
65.50828552246094
65.5067367553711
65.50675964355469
65.50528717041016
65.50587463378906
65.5018081665039
65.49700164794922
65.4839859008789
65.47280883789062
65.46170043945312
65.4495849609375
65.45024108886719
65.45439147949219
65.44844818115234
65.44691467285156
65.45113372802734
65.4567642211914
65.45867919921875
65.45600891113281
65.44916534423828
65.44744873046875
65.45028686523438
65.45237731933594
65.45276641845703
65.45098114013672
65.44711303710938
65.44483184814453
65.4459228515625
65.44490051269531
65.44469451904297
65.44752502441406
65.44666290283203
65.44563293457031
65.4441909790039
65.44268798828125
65.44020080566406
65.4410629272461
65.4419174194336
65.44284057617188
65.44207763671875
65.44058990478516
65.43880462646484
65.43843841552734
65.43794250488281
65.43687438964844
65.43633270263672
65.43673706054688
65.43648529052734
65.43489074707031
65.4316177368164
65.4302978515625
65.43167877197266
65.43245697021484
65.42980194091797
65.42784118652344
65.4292984008789
65.42706298828125
65.42436981201172
65.42243957519531
65.42279815673828
65.42180633544922
65.4238510131836
65.42385864257812
65.41976165771484
65.41863250732422
65.42051696777344
65.42137145996094
65.42078399658203
65.4193115234375
65.41627502441406
65.41463470458984
65.41632843017578
65.41683197021484
65.41587829589844
65.41453552246094
65.41149139404297
65.4115219116211
65.41256713867188
65.4115219116211
65.40885925292969
65.4080581665039
65.40872955322266
65.40982055664062
65.40770721435547
65.40443420410156
65.40210723876953
65.40370178222656
65.40592956542969
65.40538787841797
65.40270233154297
65.40148162841797
65.4022445678711
65.40291595458984
65.40086364746094
65.39971923828125
65.3994369506836
65.40050506591797
65.40057373046875
65.39950561523438
65.39806365966797
65.39743041992188
65.39810180664062
65.40025329589844
65.39968872070312
65.39795684814453
65.39533233642578
65.3948974609375
65.39692687988281
65.39791107177734
65.39554595947266
65.39437103271484
65.39364624023438
65.39423370361328
65.39469146728516
65.39327239990234
65.3909912109375
65.39057159423828
65.39132690429688
65.39154815673828
65.39009857177734
65.38946533203125
65.38825988769531
65.38740539550781
65.3877182006836
65.38626098632812
65.3837890625
65.38241577148438
65.38072204589844
65.38055419921875
65.38032531738281
65.37942504882812
65.3767318725586
65.37593078613281
65.37604522705078
65.37675476074219
65.37696838378906
65.37612915039062
65.37442016601562
65.37306213378906
65.37265014648438
65.37199401855469
65.37037658691406
65.3705825805664
65.37047576904297
65.37022399902344
65.36865997314453
65.36918640136719
65.36943054199219
65.3659439086914
65.34740447998047
65.340087890625
65.33304595947266
65.32697296142578
65.31621551513672
65.31594848632812
65.31861114501953
65.3218765258789
65.32156372070312
65.32477569580078
